1,1,10,21.01.2022.
1,2,8,21.01.2022.
1,5,6,21.01.2022.
2,1,10,21.01.2022.
2,2,8,21.01.2022.
2,5,6,21.01.2022.
3,1,10,21.01.2022.
3,2,8,21.01.2022.
3,5,6,21.01.2022.
4,1,10,21.01.2022.
4,2,8,21.01.2022.
4,5,6,21.01.2022.
5,1,10,21.01.2022.
5,2,8,21.01.2022.
5,5,6,21.01.2022.
6,1,10,21.01.2022.
6,2,8,21.01.2022.
6,5,6,21.01.2022.
7,1,10,21.01.2022.
7,2,8,21.01.2022.
7,5,6,21.01.2022.
8,1,10,21.01.2022.
8,2,8,21.01.2022.
8,5,6,21.01.2022.
9,1,10,21.01.2022.
9,2,8,21.01.2022.
9,5,6,21.01.2022.
10,1,10,21.01.2022.
10,2,8,21.01.2022.
10,5,6,21.01.2022.
11,1,10,21.01.2022.
11,2,8,21.01.2022.
11,5,6,21.01.2022.
12,1,10,21.01.2022.
12,2,8,21.01.2022.
12,5,6,21.01.2022.
13,1,10,21.01.2022.
13,2,8,21.01.2022.
13,5,6,21.01.2022.
14,1,10,21.01.2022.
14,2,8,21.01.2022.
14,5,6,21.01.2022.
